31,2
31,0
31,1
31,3
24,2
24,0
24,1
24,3
0,278
0,9
25,2
25,0
25,1
25,3
0,273
0,270
60,35
3,2
3,1
3,3
10,30
10,31
10,231
10,207
10,264
10,244
10,79
10,1
10,130
10,2
10,3
11,17
11,16
11,30
11,27
11,22
11,8
11,1
11,5
11,2
11,3
9,7
9,4
9,1
9,6
9,2
9,3
8,18
8,11
8,15
8,7
8,12
8,9
8,1
8,13
8,2
8,3
12,2
12,1
12,3
20,2
20,1
20,3
19,2
19,1
19,3
59,72
59,71
59,70
59,69
59,68
59,67
59,66
59,65
59,64
59,39
59,38
59,37
59,36
59,35
59,34
59,33
59,32
59,31
59,30
59,29
18,1
59,28
18,3
59,27
59,26
59,25
59,24
59,23
59,22
59,21
14,1
59,20
14,3
59,19
13,1
59,18
13,3
59,17
59,16
59,15
59,14
59,13
59,12
59,11
59,10
